{
 "cells": [
  {
   "cell_type": "code",
   "execution_count": 7,
   "metadata": {
    "collapsed": false
   },
   "outputs": [
    {
     "name": "stdout",
     "output_type": "stream",
     "text": [
      "Macierz A1:\n",
      "[  2.40827208000000 -0.360662540000000  0.805754450000000  0.463095110000000   1.20708553000000]\n",
      "[-0.360662540000000   1.14839502000000 0.0257611300000000 0.0267258400000000  -1.03949556000000]\n",
      "[ 0.805754450000000 0.0257611300000000   2.45964907000000  0.138240880000000 0.0472749000000000]\n",
      "[ 0.463095110000000 0.0267258400000000  0.138240880000000   2.05614464000000 -0.943449300000000]\n",
      "[  1.20708553000000  -1.03949556000000 0.0472749000000000 -0.943449300000000   1.92753926000000]\n",
      "----------------------------------------------------------------------------------------------------\n",
      "Macierz A2\n",
      "----------------------------------------------------------------------------------------------------\n",
      "[  2.61370745000000 -0.633445300000000  0.760613290000000  0.249389640000000  0.827834730000000]\n",
      "[-0.633445300000000   1.51060349000000 0.0857008100000000  0.310489840000000 -0.535915890000000]\n",
      "[ 0.760613290000000 0.0857008100000000   2.46956812000000  0.185199260000000  0.130609230000000]\n",
      "[ 0.249389640000000  0.310489840000000  0.185199260000000   2.27845311000000 -0.548931240000000]\n",
      "[ 0.827834730000000 -0.535915890000000  0.130609230000000 -0.548931240000000   2.62766780000000]\n",
      "----------------------------------------------------------------------------------------------------\n",
      "Wektor b:\n",
      "----------------------------------------------------------------------------------------------------\n",
      "(5.40780228000000, 3.67008677000000, 3.12306266000000, -1.11187948000000, 0.544372180000000)\n",
      "----------------------------------------------------------------------------------------------------\n",
      "Wektor bprim:\n",
      "----------------------------------------------------------------------------------------------------\n",
      "(5.40781228000000, 3.67008677000000, 3.12306266000000, -1.11187948000000, 0.544372180000000)\n",
      "----------------------------------------------------------------------------------------------------\n",
      "Rozwiazanie y1:\n",
      "----------------------------------------------------------------------------------------------------\n",
      "(3.28716601555623, 3.80299980038102, 0.251468536274088, -1.57875474186833, -0.504103948005498)\n",
      "----------------------------------------------------------------------------------------------------\n",
      "Rozwiazanie y1prim:\n",
      "----------------------------------------------------------------------------------------------------\n",
      "(16.7417333134417, -14.0623358238573, -2.70495913846682, -15.5749494372570, -25.3423455422866)\n",
      "----------------------------------------------------------------------------------------------------\n",
      "Delta1:\n",
      "----------------------------------------------------------------------------------------------------\n",
      "36.3561243009081\n",
      "----------------------------------------------------------------------------------------------------\n",
      "Rozwiazanie y2:\n",
      "----------------------------------------------------------------------------------------------------\n",
      "(3.18374857147928, 3.94032032731323, 0.274192868676857, -1.47117406278441, -0.313186737665520)\n",
      "----------------------------------------------------------------------------------------------------\n",
      "Rozwiazanie y2prim:\n",
      "----------------------------------------------------------------------------------------------------\n",
      "(3.18375389260542, 3.94032236824233, 0.274191313868194, -1.47117513594541, -0.313188144717783)\n",
      "----------------------------------------------------------------------------------------------------\n",
      "Delta2:\n",
      "----------------------------------------------------------------------------------------------------\n",
      "6.16673946486434e-6\n",
      "----------------------------------------------------------------------------------------------------\n",
      "Delta1 - Delta2:\n",
      "----------------------------------------------------------------------------------------------------\n",
      "36.3561181341687\n",
      "----------------------------------------------------------------------------------------------------\n",
      "Kappa1:\n",
      "39295747.8346019\n",
      "----------------------------------------------------------------------------------------------------\n",
      "Kappa2:\n",
      "4.000000024553179\n"
     ]
    }
   ],
   "source": [
    "print(\"Macierz A1:\")\n",
    "A1 = matrix([[2.40827208, -0.36066254, 0.80575445, 0.46309511, 1.20708553], [-0.36066254, 1.14839502, 0.02576113, 0.02672584, -1.03949556], [0.80575445 , 0.02576113, 2.45964907 , 0.13824088, 0.0472749], [0.46309511 , 0.02672584, 0.13824088, 2.05614464, -0.9434493], [1.20708553, -1.03949556, 0.0472749, -0.9434493, 1.92753926]])\n",
    "print(A1)\n",
    "print(\"----------------------------------------------------------------------------------------------------\")\n",
    "print(\"Macierz A2\")\n",
    "print(\"----------------------------------------------------------------------------------------------------\")\n",
    "A2 = matrix([[2.61370745, -0.6334453, 0.76061329, 0.24938964, 0.82783473], [-0.6334453, 1.51060349, 0.08570081, 0.31048984, -0.53591589], [0.76061329, 0.08570081, 2.46956812, 0.18519926, 0.13060923], [0.24938964, 0.31048984, 0.18519926, 2.27845311, -0.54893124], [0.82783473, -0.53591589, 0.13060923, -0.54893124, 2.6276678]])\n",
    "print(A2)\n",
    "print(\"----------------------------------------------------------------------------------------------------\")\n",
    "print(\"Wektor b:\")\n",
    "print(\"----------------------------------------------------------------------------------------------------\")\n",
    "b = vector([5.40780228, 3.67008677, 3.12306266, -1.11187948, 0.54437218])\n",
    "print(b)\n",
    "print(\"----------------------------------------------------------------------------------------------------\")\n",
    "print(\"Wektor bprim:\")\n",
    "print(\"----------------------------------------------------------------------------------------------------\")\n",
    "bprim = vector([0.00001, 0, 0, 0, 0]) + b\n",
    "print(bprim)\n",
    "print(\"----------------------------------------------------------------------------------------------------\")\n",
    "print(\"Rozwiazanie y1:\")\n",
    "print(\"----------------------------------------------------------------------------------------------------\")\n",
    "y1 = A1.solve_right(b)\n",
    "print(y1)\n",
    "print(\"----------------------------------------------------------------------------------------------------\")\n",
    "print(\"Rozwiazanie y1prim:\")\n",
    "print(\"----------------------------------------------------------------------------------------------------\")\n",
    "y1prim = A1.solve_right(bprim)\n",
    "print(y1prim)\n",
    "print(\"----------------------------------------------------------------------------------------------------\")\n",
    "print(\"Delta1:\")\n",
    "print(\"----------------------------------------------------------------------------------------------------\")\n",
    "Delta1 = (y1-y1prim).norm(2)\n",
    "print(Delta1)\n",
    "print(\"----------------------------------------------------------------------------------------------------\")\n",
    "print(\"Rozwiazanie y2:\")\n",
    "print(\"----------------------------------------------------------------------------------------------------\")\n",
    "y2 = A2.solve_right(b)\n",
    "print(y2)\n",
    "print(\"----------------------------------------------------------------------------------------------------\")\n",
    "print(\"Rozwiazanie y2prim:\")\n",
    "print(\"----------------------------------------------------------------------------------------------------\")\n",
    "y2prim = A2.solve_right(bprim)\n",
    "print(y2prim)\n",
    "print(\"----------------------------------------------------------------------------------------------------\")\n",
    "print(\"Delta2:\")\n",
    "print(\"----------------------------------------------------------------------------------------------------\")\n",
    "Delta2 = (y2-y2prim).norm(2)\n",
    "print(Delta2)\n",
    "print(\"----------------------------------------------------------------------------------------------------\")\n",
    "print(\"Delta1 - Delta2:\")\n",
    "print(\"----------------------------------------------------------------------------------------------------\")\n",
    "Roznica = Delta1-Delta2\n",
    "print(Roznica)\n",
    "print(\"----------------------------------------------------------------------------------------------------\")\n",
    "import numpy\n",
    "eig1 = numpy.linalg.eigvals(A1)\n",
    "print(\"Kappa1:\")\n",
    "k1 = (max(eig1)/min(eig1))\n",
    "print(k1)\n",
    "print(\"----------------------------------------------------------------------------------------------------\")\n",
    "eig2 = numpy.linalg.eigvals(A2)\n",
    "print(\"Kappa2:\")\n",
    "k2 = (max(eig2)/min(eig2))\n",
    "print(k2)"
   ]
  },
  {
   "cell_type": "code",
   "execution_count": 0,
   "metadata": {
    "collapsed": false
   },
   "outputs": [
   ],
   "source": [
   ]
  }
 ],
 "metadata": {
  "kernelspec": {
   "display_name": "SageMath 9.4",
   "language": "sagemath",
   "metadata": {
    "cocalc": {
     "description": "Open-source mathematical software system",
     "priority": 10,
     "url": "https://www.sagemath.org/"
    }
   },
   "name": "sage-9.4",
   "resource_dir": "/ext/jupyter/kernels/sage-9.4"
  },
  "language_info": {
   "codemirror_mode": {
    "name": "ipython",
    "version": 3
   },
   "file_extension": ".py",
   "mimetype": "text/x-python",
   "name": "python",
   "nbconvert_exporter": "python",
   "pygments_lexer": "ipython3",
   "version": "3.9.5"
  }
 },
 "nbformat": 4,
 "nbformat_minor": 4
}